4.3 5.7 4.35 5.7
4.35 5.7 5.1 5.7
5.1 5.7 5.1 6.0
5.1 6.15 5.1 6.5
5.1 6.5 4.6 6.5
4.6 6.5 4.3 6.5
4.3 6.5 4.3 6.1
4.3 6.1 4.3 5.7
4.3 5.7 4.35 5.7
5.1 5.7 5.4 6.0
4.6 6.8 4.3 6.5
4.3 6.5 4.3 6.1
4.3 6.1 4.3 5.7
4.3 6.5 4.6 6.5
4.6 6.5 5.1 6.5
5.1 6.5 5.1 6.5
5.1 6.5 5.4 6.8
5.4 6.8 4.6 6.8
4.6 6.8 4.3 6.5
5.95 6.15 5.4 6.15
5.1 6.15 5.1 6.0
5.1 6.0 5.1 5.7
5.1 5.7 5.4 6.0
5.4 6.0 5.4 6.15
5.4 6.15 5.4 6.8
5.4 6.8 5.1 6.5
4.6 6.8 5.4 6.8
5.4 6.8 5.4 6.15
5.4 6.15 5.4 6.0
3.75 4.75 3.75 4.75
3.75 4.75 3.85 4.75
3.85 4.75 4.1 4.75
4.1 4.75 5.35 4.75
5.35 4.75 5.35 4.85
5.35 4.85 5.35 5.35
5.35 5.35 5.35 5.5
5.35 5.5 5.35 5.55
5.35 5.55 4.35 5.55
4.35 5.55 3.75 5.55
3.75 5.55 3.75 5.55
3.75 5.55 3.75 4.75
3.75 4.75 3.75 5.55
3.75 5.55 3.75 4.75
3.75 4.75 3.75 5.55
3.75 5.55 3.75 5.15
3.75 5.15 3.75 4.75
3.75 4.75 3.75 4.75
3.75 4.75 3.85 4.75
3.85 4.75 4.1 4.75
4.1 4.75 5.35 4.75
5.35 4.75 5.45 4.85
4.3 6.1 3.75 5.55
3.75 5.55 3.75 4.75
3.75 4.75 3.75 5.55
3.75 5.55 3.75 4.75
3.75 4.75 3.75 5.55
3.75 5.55 3.75 5.15
3.75 5.15 3.75 4.75
3.75 5.55 4.35 5.55
4.35 5.55 5.35 5.55
5.35 5.55 5.35 5.55
5.35 5.55 5.95 6.15
4.3 6.1 3.75 5.55
5.35 5.55 5.35 4.85
5.35 4.85 5.35 5.35
5.35 5.35 5.35 4.75
5.35 4.75 5.35 5.35
5.35 5.35 5.35 5.5
5.35 5.5 5.35 4.75
5.35 4.75 5.45 4.85
5.45 4.85 5.8 5.2
5.95 5.75 5.95 6.15
5.95 6.15 5.35 5.55
5.95 6.15 5.95 5.75
5.95 5.75 5.95 6.15
5.95 6.15 5.95 5.75
3.2 3.8 3.2 3.8
3.2 3.8 3.6 3.8
3.6 3.8 3.6 3.8
3.6 3.8 5.6 3.8
5.6 3.8 5.6 4.05
5.6 4.05 5.6 4.2
5.6 4.2 5.6 4.6
5.6 4.6 3.85 4.6
3.85 4.6 5.6 4.6
5.6 4.6 4.0 4.6
4.0 4.6 3.6 4.6
3.6 4.6 5.6 4.6
5.6 4.6 3.2 4.6
3.2 4.6 3.2 4.6
3.2 4.6 3.2 4.2
3.2 4.2 3.2 4.6
3.2 4.6 3.2 3.8
3.2 3.8 3.2 3.8
3.2 3.8 3.2 3.8
3.2 3.8 3.6 3.8
3.6 3.8 3.6 3.8
3.6 3.8 5.6 3.8
5.6 3.8 5.8 4.0
3.75 5.15 3.2 4.6
3.2 4.6 3.2 4.2
3.2 4.2 3.2 4.6
3.2 4.6 3.2 3.8
3.2 3.8 3.2 3.8
3.2 4.6 3.6 4.6
3.6 4.6 3.85 4.6
3.85 4.6 4.0 4.6
4.0 4.6 5.6 4.6
5.8 4.8 5.6 4.6
3.75 5.15 3.2 4.6
5.6 4.6 5.6 4.2
5.6 4.2 5.6 4.05
5.6 4.05 5.6 3.8
5.6 3.8 5.6 3.8
5.6 4.6 5.6 4.6
2.65 2.85 3.05 2.85
3.05 2.85 5.8 2.85
5.8 3.65 3.6 3.65
3.6 3.65 3.45 3.65
3.45 3.65 3.05 3.65
3.05 3.65 2.65 3.65
2.65 3.65 2.65 3.25
2.65 3.25 2.65 2.85
2.65 2.85 3.05 2.85
3.05 2.85 5.8 2.85
7.05 4.05 6.9 3.9
3.2 4.2 2.65 3.65
2.65 3.65 2.65 3.25
2.65 3.25 2.65 2.85
2.65 2.85 2.65 2.85
2.65 3.65 3.45 3.65
3.45 3.65 3.45 3.65
3.45 3.65 5.8 3.65
5.8 3.65 3.05 3.65
3.6 3.65 5.8 3.65
6.9 4.7 7.05 4.85
7.05 4.85 7.05 4.85
7.05 4.05 7.05 4.05
7.05 4.05 7.05 4.2
7.05 4.2 7.05 4.85
7.05 4.85 7.05 4.85
7.05 4.85 6.9 4.7
6.9 4.7 7.05 4.85
7.05 4.85 6.9 4.7
6.9 4.7 7.05 4.85
6.9 4.85 7.05 4.85
7.05 4.85 7.05 4.85
7.05 4.85 7.05 4.85
7.05 4.85 7.05 4.2
7.05 4.2 7.05 4.05
7.05 4.05 7.05 4.05
7.05 4.05 7.05 4.05
2.1 1.9 5.8 1.9
5.8 1.9 2.1 1.9
5.8 2.7 2.9 2.7
2.9 2.7 2.1 2.7
2.1 2.7 2.1 1.9
2.1 1.9 2.1 2.7
2.1 2.7 2.1 1.9
2.1 1.9 2.1 2.7
2.1 2.7 2.1 1.9
2.1 1.9 5.8 1.9
5.8 1.9 2.1 1.9
2.1 1.9 5.8 1.9
2.65 3.25 2.1 2.7
2.1 2.7 2.1 1.9
2.1 1.9 2.1 2.7
2.1 2.7 2.1 1.9
2.1 1.9 2.1 2.7
2.1 2.7 2.1 1.9
2.1 2.7 2.9 2.7
2.9 2.7 5.8 2.7
6.9 3.5 7.6 4.2
7.6 4.2 7.05 4.2
2.1 2.7 2.65 3.25
2.65 3.25 2.1 2.7
2.1 2.7 2.65 3.25
2.65 3.25 2.1 2.7
7.6 3.4 7.6 4.2
7.6 4.2 6.9 3.5
7.6 4.2 6.9 3.5
6.9 3.5 7.6 4.2
7.6 4.2 6.9 3.5
7.05 4.2 7.6 4.2
7.6 4.2 7.6 3.4
7.6 3.4 6.9 2.7
1.0 1.6 1.8 1.6
1.8 1.6 1.8 1.9
1.8 1.9 1.8 5.6
1.8 5.6 1.3 5.6
1.3 5.6 1.0 5.6
1.0 5.6 1.0 1.6
1.0 1.6 1.8 1.6
1.3 5.9 1.0 5.6
1.0 5.6 1.0 1.6
1.0 1.6 1.0 1.6
1.0 5.6 1.3 5.6
1.3 5.6 1.8 5.6
1.8 5.6 2.1 5.9
2.1 5.9 1.3 5.9
1.3 5.9 1.0 5.6
1.8 5.6 1.8 1.9
1.8 1.9 1.8 1.6
1.8 1.6 2.1 1.9
2.1 1.9 2.1 2.7
2.1 2.7 2.1 5.9
2.1 5.9 1.8 5.6
1.3 5.9 2.1 5.9
2.1 5.9 2.1 2.7
2.1 2.7 2.1 5.9
2.1 5.9 2.1 2.7
2.1 1.9 2.1 1.9
5.8 1.6 6.6 1.6
6.6 1.6 6.6 1.9
6.6 1.9 6.6 1.6
6.6 1.6 6.6 3.4
6.6 3.4 6.6 3.2
6.6 3.2 6.6 2.4
6.6 2.4 6.6 3.2
6.6 3.2 6.6 3.4
6.6 3.4 6.6 2.4
6.6 2.4 6.6 4.05
6.6 4.05 6.6 3.6
6.6 3.6 6.6 4.05
6.6 4.2 6.6 3.6
6.6 3.6 6.6 4.2
6.6 4.2 6.6 4.4
6.6 4.4 6.6 4.85
6.6 4.85 6.6 5.6
6.6 5.6 6.1 5.6
6.1 5.6 5.95 5.6
5.95 5.6 5.8 5.6
5.8 5.6 5.8 5.6
5.8 5.6 5.8 5.2
5.8 5.2 5.8 5.35
5.8 5.35 5.8 5.2
5.8 5.2 5.8 4.85
5.8 4.85 5.8 5.5
5.8 5.5 5.8 5.35
5.8 5.35 5.8 5.5
5.8 5.5 5.8 4.8
5.8 4.8 5.8 4.7
5.8 4.7 5.8 4.0
5.8 4.0 5.8 3.65
5.8 3.65 5.8 4.2
5.8 4.2 5.8 4.05
5.8 4.05 5.8 4.0
5.8 4.0 5.8 4.8
5.8 4.8 5.8 4.7
5.8 4.7 5.8 4.05
5.8 4.05 5.8 4.2
5.8 4.2 5.8 3.65
5.8 3.65 5.8 2.7
5.8 2.7 5.8 3.4
5.8 3.4 5.8 2.7
5.8 2.7 5.8 1.9
5.8 1.9 5.8 2.85
5.8 2.85 5.8 3.4
5.8 3.4 5.8 1.9
5.8 1.9 5.8 2.85
5.8 2.85 5.8 1.6
5.8 1.6 6.6 1.6
6.6 1.6 6.9 1.9
6.1 5.9 5.95 5.75
5.95 5.75 5.8 5.6
5.8 5.6 5.8 5.2
5.8 5.2 5.8 5.35
5.8 5.35 5.8 5.2
5.8 5.2 5.8 4.85
5.8 4.85 5.8 5.5
5.8 5.5 5.8 5.35
5.8 5.35 5.8 5.5
5.8 5.5 5.8 4.8
5.8 4.8 5.8 4.7
5.8 4.7 5.8 4.0
5.8 4.0 5.8 3.65
5.8 3.65 5.8 4.2
5.8 4.2 5.8 4.05
5.8 4.05 5.8 4.0
5.8 4.0 5.8 4.8
5.8 4.8 5.8 4.7
5.8 4.7 5.8 4.05
5.8 4.05 5.8 4.2
5.8 4.2 5.8 3.65
5.8 3.65 5.8 2.7
5.8 2.7 5.8 3.4
5.8 3.4 5.8 2.7
5.8 2.7 5.8 1.9
5.8 1.9 5.8 2.85
5.8 2.85 5.8 3.4
5.8 3.4 5.8 1.9
5.8 1.9 5.8 2.85
5.8 2.85 5.8 1.6
5.8 5.6 5.95 5.6
5.95 5.6 5.8 5.6
5.8 5.6 6.1 5.6
6.1 5.6 5.8 5.6
5.8 5.6 6.6 5.6
6.6 5.6 6.9 5.9
6.9 5.9 6.1 5.9
6.1 5.9 5.95 5.75
5.95 5.75 5.8 5.6
6.6 5.6 6.6 3.6
6.6 3.6 6.6 4.05
6.6 4.05 6.6 4.4
6.6 4.4 6.6 4.85
6.6 4.85 6.6 3.6
6.6 3.6 6.6 4.4
6.6 4.4 6.6 4.85
6.6 4.85 6.6 4.05
6.6 4.05 6.6 2.4
6.6 2.4 6.6 3.4
6.6 3.4 6.6 3.2
6.6 2.4 6.6 3.2
6.6 4.2 6.6 3.4
6.6 3.4 6.6 5.6
6.6 5.6 6.6 1.9
6.6 1.9 6.6 1.6
6.6 1.6 6.9 1.9
6.9 1.9 6.9 3.5
6.9 3.5 6.9 3.9
6.9 3.9 6.9 4.05
6.9 4.05 6.9 2.7
6.9 2.7 6.9 3.4
6.9 3.4 6.9 3.5
6.9 3.5 6.9 3.4
6.9 3.4 6.9 2.7
6.9 2.7 6.9 4.2
6.9 4.2 6.9 4.7
6.9 4.7 6.9 4.85
6.9 4.85 6.9 4.7
6.9 4.7 6.9 4.85
6.9 4.85 6.9 5.9
6.9 5.9 6.6 5.6
6.1 5.9 6.9 5.9
6.9 5.9 6.9 5.9
6.9 5.9 6.9 4.7
6.9 4.7 6.9 4.85
6.9 4.85 6.9 5.9
6.9 5.9 6.9 4.7
6.9 4.7 6.9 4.85
6.9 4.85 6.9 4.2
6.9 4.2 6.9 3.4
6.9 3.4 6.9 3.5
6.9 3.5 6.9 2.7
6.9 2.7 6.9 3.5
6.9 3.5 6.9 4.05
6.9 4.05 6.9 3.4
6.9 3.4 6.9 1.9
6.9 1.9 6.9 3.9
6.9 3.9 6.9 4.05
6.9 4.05 6.9 1.9
6.9 1.9 6.9 3.9
6.9 3.9 6.9 1.9
