4.3775 5.45 4.11769 5.6
4.11769 5.6 4.63731 5.3
4.63731 5.3 4.63731 5.3
4.63731 5.3 4.63731 5.3
4.63731 5.3 4.63731 5.3
4.63731 5.3 4.3775 5.45
4.3775 5.45 4.63731 5.3
4.63731 5.3 4.63731 5.3
4.63731 5.3 4.63731 5.3
4.63731 5.3 4.63731 5.3
4.63731 5.3 4.63731 5.3
4.63731 5.3 4.63731 5.6
4.63731 5.6 4.63731 5.3
4.63731 5.3 4.63731 5.6
4.63731 5.6 4.63731 5.9
4.63731 5.9 4.63731 5.9
4.63731 5.9 4.63731 5.9
4.63731 5.9 4.63731 5.6
4.63731 5.6 4.63731 5.9
4.63731 5.9 4.63731 5.6
4.63731 5.6 4.63731 5.9
4.63731 5.9 4.63731 5.9
4.63731 5.9 4.63731 5.9
4.63731 5.9 4.3775 6.05
4.3775 6.05 4.11769 6.2
4.11769 6.2 4.11769 5.9
4.11769 5.9 4.11769 6.2
4.11769 6.2 4.11769 5.6
4.11769 5.6 4.11769 5.6
4.11769 5.6 4.11769 5.6
4.11769 5.6 4.3775 5.45
4.3775 5.45 4.11769 5.6
4.11769 5.6 4.63731 5.3
4.63731 5.3 4.63731 5.3
4.63731 5.3 4.63731 5.3
4.63731 5.3 4.63731 5.3
4.63731 5.3 4.3775 5.45
4.3775 5.45 4.63731 5.3
4.63731 5.3 5.15692 5.6
5.15692 5.6 4.89711 5.45
4.89711 5.45 4.63731 5.3
4.63731 5.3 4.63731 5.3
4.63731 5.3 5.15692 5.6
5.15692 5.6 4.89711 5.45
4.89711 5.45 5.15692 5.6
5.15692 5.6 5.15692 5.6
4.63731 6.5 4.11769 6.2
4.11769 6.2 4.11769 5.9
4.11769 5.9 4.11769 6.2
4.11769 6.2 4.11769 5.6
4.11769 5.6 4.11769 5.6
4.11769 6.2 4.63731 5.9
4.63731 5.9 4.3775 6.05
4.3775 6.05 4.63731 5.9
4.63731 5.9 4.63731 5.9
4.63731 5.9 4.63731 5.9
4.63731 5.9 4.63731 5.9
4.63731 5.9 4.89711 6.05
4.89711 6.05 5.15692 6.2
5.15692 6.2 4.63731 6.5
4.63731 6.5 4.11769 6.2
4.63731 5.9 4.63731 5.9
4.63731 5.9 4.63731 5.9
4.63731 5.9 4.63731 5.6
4.63731 5.6 4.63731 5.9
4.63731 5.9 4.63731 5.3
4.63731 5.3 4.63731 5.3
4.63731 5.3 4.63731 5.6
4.63731 5.6 4.63731 5.3
4.63731 5.3 4.63731 5.3
4.63731 5.3 4.63731 5.3
4.63731 5.3 4.63731 5.3
4.63731 5.3 4.63731 5.6
4.63731 5.6 4.63731 5.3
4.63731 5.3 4.63731 5.3
4.63731 5.3 5.15692 5.6
5.15692 5.6 4.89711 5.45
4.89711 5.45 4.63731 5.3
4.63731 5.3 4.63731 5.3
4.63731 5.3 5.15692 5.6
5.15692 5.6 4.89711 5.45
4.89711 5.45 5.15692 5.6
5.15692 5.6 5.15692 5.6
5.15692 5.6 5.15692 5.6
5.15692 5.6 5.15692 5.9
5.15692 5.9 5.15692 6.2
5.15692 6.2 4.63731 5.9
4.63731 5.9 4.63731 5.9
4.63731 5.9 4.63731 5.9
4.63731 5.9 5.15692 6.2
5.15692 6.2 4.63731 5.9
4.63731 5.9 5.15692 6.2
5.15692 6.2 4.63731 5.9
4.63731 5.9 5.15692 6.2
5.15692 6.2 4.89711 6.05
4.89711 6.05 4.63731 5.9
4.63731 5.9 4.63731 5.9
4.63731 6.5 5.15692 6.2
5.15692 6.2 5.15692 5.9
5.15692 5.9 5.15692 6.2
5.15692 6.2 5.15692 5.6
5.15692 5.6 5.15692 5.6
3.59808 5.0 3.85788 4.85
3.85788 4.85 3.59808 5.0
3.59808 5.0 3.59808 5.0
3.59808 5.0 4.11769 4.7
4.11769 4.7 3.59808 5.0
3.59808 5.0 4.3775 4.55
4.3775 4.55 3.85788 4.85
3.85788 4.85 4.3775 4.55
4.63731 4.7 4.63731 5.0
4.63731 5.0 4.63731 5.0
4.63731 5.0 4.3775 5.15
4.3775 5.15 4.3775 5.15
4.3775 5.15 4.11769 5.3
4.11769 5.3 4.11769 5.3
4.11769 5.3 3.85788 5.45
3.85788 5.45 3.59808 5.6
3.59808 5.6 3.59808 5.6
3.59808 5.6 3.59808 5.3
3.59808 5.3 3.59808 5.0
3.59808 5.0 3.59808 5.6
3.59808 5.6 3.59808 5.0
3.59808 5.0 3.59808 5.6
3.59808 5.6 3.59808 5.0
3.59808 5.0 3.59808 5.0
3.59808 5.0 3.85788 4.85
3.85788 4.85 3.59808 5.0
3.59808 5.0 3.59808 5.0
3.59808 5.0 4.11769 4.7
4.11769 4.7 3.59808 5.0
3.59808 5.0 4.3775 4.55
4.3775 4.55 3.85788 4.85
3.85788 4.85 4.3775 4.55
5.67654 5.0 5.41673 4.85
5.41673 4.85 5.15692 4.7
5.15692 4.7 5.67654 5.0
5.67654 5.0 4.89711 4.55
4.89711 4.55 5.41673 4.85
5.41673 4.85 4.89711 4.55
4.89711 4.55 5.67654 5.0
3.59808 5.0 3.59808 5.0
4.11769 5.9 3.59808 5.6
3.59808 5.6 3.59808 5.6
3.59808 5.6 3.59808 5.3
3.59808 5.3 3.59808 5.0
3.59808 5.0 3.59808 5.6
3.59808 5.6 3.59808 5.0
3.59808 5.0 3.59808 5.6
3.59808 5.6 3.59808 5.0
3.59808 5.0 3.59808 5.0
3.59808 5.6 4.11769 5.3
4.11769 5.3 3.85788 5.45
3.85788 5.45 4.3775 5.15
4.3775 5.15 4.63731 5.0
4.63731 5.0 4.63731 5.0
4.63731 5.0 5.15692 5.3
5.15692 5.3 4.89711 5.15
4.89711 5.15 5.41673 5.45
5.41673 5.45 5.67654 5.6
5.67654 5.6 5.15692 5.3
5.15692 5.3 5.67654 5.6
5.67654 5.6 4.89711 5.15
4.89711 5.15 5.67654 5.6
4.11769 5.9 3.59808 5.6
3.59808 5.6 3.59808 5.6
4.63731 5.0 4.63731 4.7
4.63731 4.7 4.63731 5.0
4.63731 5.0 4.63731 4.7
5.67654 5.0 5.41673 4.85
5.41673 4.85 5.15692 4.7
5.15692 4.7 5.67654 5.0
5.67654 5.0 4.89711 4.55
4.89711 4.55 5.41673 4.85
5.41673 4.85 4.89711 4.55
4.89711 4.55 5.67654 5.0
5.67654 5.0 5.67654 5.3
5.67654 5.3 5.67654 5.6
5.67654 5.6 5.41673 5.45
5.41673 5.45 5.15692 5.3
5.15692 5.3 4.63731 5.0
4.63731 5.0 4.63731 5.0
4.63731 5.0 4.89711 5.15
4.89711 5.15 4.63731 5.0
4.63731 5.0 4.98372 5.2
4.98372 5.2 4.63731 5.0
4.63731 5.0 4.89711 5.15
4.89711 5.15 4.63731 5.0
5.15692 5.9 5.67654 5.6
5.67654 5.6 5.67654 5.0
5.67654 5.0 5.67654 5.6
5.67654 5.6 5.67654 5.0
5.67654 5.0 5.67654 5.6
5.67654 5.6 5.67654 5.0
5.67654 5.0 5.67654 5.3
5.67654 5.3 5.67654 5.0
3.07846 4.4 4.11769 3.8
4.11769 3.8 3.07846 4.4
3.07846 4.4 3.07846 4.4
3.07846 4.4 3.59808 4.1
3.59808 4.1 3.07846 4.4
3.07846 4.4 4.11769 3.8
4.11769 3.8 3.33827 4.25
4.11769 4.4 3.85788 4.55
3.85788 4.55 4.11769 4.4
4.11769 4.4 4.11769 4.4
4.11769 4.4 3.59808 4.7
3.59808 4.7 3.59808 4.7
3.59808 4.7 3.33827 4.85
3.33827 4.85 4.11769 4.4
4.11769 4.4 3.07846 5.0
3.07846 5.0 3.07846 4.4
3.07846 4.4 3.07846 5.0
3.07846 5.0 3.07846 4.4
3.07846 4.4 3.07846 5.0
3.07846 5.0 3.07846 4.7
3.07846 4.7 3.07846 4.4
3.07846 4.4 4.11769 3.8
4.11769 3.8 3.07846 4.4
3.07846 4.4 3.07846 4.4
3.07846 4.4 3.59808 4.1
3.59808 4.1 3.07846 4.4
3.07846 4.4 4.11769 3.8
4.11769 3.8 3.33827 4.25
5.15692 3.8 5.67654 4.1
5.67654 4.1 5.93634 4.25
5.93634 4.25 6.19615 4.4
6.19615 4.4 6.19615 4.4
3.59808 5.3 3.07846 5.0
3.07846 5.0 3.07846 4.4
3.07846 4.4 3.07846 5.0
3.07846 5.0 3.07846 4.4
3.07846 4.4 3.07846 4.4
3.07846 4.4 3.07846 4.4
3.07846 4.4 3.07846 5.0
3.07846 5.0 3.07846 4.7
3.07846 4.7 3.07846 4.4
3.07846 5.0 3.59808 4.7
3.59808 4.7 3.33827 4.85
3.33827 4.85 3.07846 5.0
3.07846 5.0 3.59808 4.7
3.59808 4.7 3.59808 4.7
3.59808 4.7 3.07846 5.0
3.07846 5.0 3.85788 4.55
3.85788 4.55 3.07846 5.0
3.07846 5.0 4.11769 4.4
4.11769 4.4 4.11769 4.4
5.15692 4.4 5.15692 4.4
5.15692 4.4 5.41673 4.55
5.41673 4.55 5.67654 4.7
5.67654 4.7 5.67654 4.7
5.67654 4.7 5.93634 4.85
5.93634 4.85 6.19615 5.0
3.59808 5.3 3.07846 5.0
5.15692 3.8 5.67654 4.1
5.67654 4.1 5.93634 4.25
5.93634 4.25 6.19615 4.4
6.19615 4.4 6.19615 4.4
6.19615 4.4 6.19615 4.4
6.19615 4.4 6.19615 4.7
6.19615 4.7 6.19615 5.0
6.19615 5.0 5.67654 4.7
5.67654 4.7 5.93634 4.85
5.93634 4.85 5.41673 4.55
5.41673 4.55 5.67654 4.7
5.67654 5.3 6.19615 5.0
6.19615 5.0 5.15692 4.4
6.19615 5.0 6.19615 4.4
6.19615 4.4 6.19615 5.0
6.19615 5.0 6.19615 4.4
6.19615 4.4 6.19615 5.0
6.19615 5.0 6.19615 4.4
6.19615 4.4 6.19615 4.7
6.19615 4.7 6.19615 4.4
2.55885 3.8 2.81865 3.65
2.81865 3.65 4.11769 2.9
4.11769 3.5 3.33827 3.95
3.33827 3.95 3.07846 4.1
3.07846 4.1 2.81865 4.25
2.81865 4.25 2.55885 4.4
2.55885 4.4 2.55885 4.4
2.55885 4.4 2.55885 4.1
2.55885 4.1 2.55885 3.8
2.55885 3.8 2.55885 3.8
2.55885 3.8 2.81865 3.65
2.81865 3.65 4.11769 2.9
6.45596 3.65 6.71577 3.8
2.55885 3.8 2.55885 3.8
3.07846 4.7 2.55885 4.4
2.55885 4.4 2.55885 4.4
2.55885 4.4 2.55885 4.1
2.55885 4.1 2.55885 3.8
2.55885 3.8 2.55885 3.8
2.55885 4.4 4.11769 3.5
4.11769 3.5 2.81865 4.25
2.81865 4.25 2.55885 4.4
2.55885 4.4 3.07846 4.1
3.07846 4.1 2.55885 4.4
2.55885 4.4 4.11769 3.5
4.11769 3.5 2.55885 4.4
2.55885 4.4 3.33827 3.95
5.15692 3.5 5.93634 3.95
5.93634 3.95 6.19615 4.1
6.19615 4.1 6.45596 4.25
6.45596 4.25 6.71577 4.4
6.71577 4.4 6.71577 4.4
3.07846 4.7 2.55885 4.4
2.55885 4.4 2.55885 4.4
5.15692 2.9 6.45596 3.65
6.45596 3.65 6.71577 3.8
6.71577 3.8 6.71577 4.1
6.71577 4.1 6.71577 4.4
6.71577 4.4 6.19615 4.1
6.19615 4.1 6.45596 4.25
6.45596 4.25 5.93634 3.95
5.93634 3.95 5.15692 3.5
6.19615 4.7 6.71577 4.4
6.71577 4.4 6.71577 4.4
6.71577 4.4 6.71577 4.1
6.71577 4.1 6.71577 3.8
2.03923 3.2 4.11769 2.0
4.11769 2.6 2.55885 3.5
2.55885 3.5 2.03923 3.8
2.03923 3.8 2.03923 3.8
2.03923 3.8 2.03923 3.2
2.03923 3.2 2.03923 3.8
2.03923 3.8 2.03923 3.2
2.03923 3.2 2.03923 3.8
2.03923 3.8 2.03923 3.2
2.03923 3.2 4.11769 2.0
7.23538 3.2 7.23538 3.2
2.03923 3.2 2.03923 3.2
2.03923 3.8 2.03923 3.8
2.03923 3.8 2.03923 3.2
2.03923 3.2 2.03923 3.8
2.03923 3.8 2.03923 3.2
2.03923 3.2 2.03923 3.8
2.03923 3.8 2.03923 3.2
2.03923 3.8 2.55885 3.5
2.55885 3.5 4.11769 2.6
5.15692 2.6 6.71577 3.5
6.71577 3.5 7.23538 3.8
7.23538 3.8 7.23538 3.8
2.55885 4.1 2.03923 3.8
2.03923 3.8 2.55885 4.1
2.55885 4.1 2.03923 3.8
2.03923 3.8 2.03923 3.8
5.15692 2.0 7.23538 3.2
7.23538 3.2 7.23538 3.2
7.23538 3.2 7.23538 3.8
7.23538 3.8 7.23538 3.8
7.23538 3.8 5.15692 2.6
5.15692 2.6 7.23538 3.8
7.23538 3.8 6.71577 3.5
6.71577 3.5 5.15692 2.6
5.15692 2.6 7.23538 3.8
6.71577 4.1 7.23538 3.8
7.23538 3.8 7.23538 3.8
7.23538 3.8 7.23538 3.2
7.23538 3.2 7.23538 3.2
1.0 3.2 1.51962 2.9
1.51962 2.9 1.51962 3.5
1.51962 3.5 1.51962 5.9
1.51962 5.9 1.0 6.2
1.0 6.2 1.0 3.2
1.0 3.2 1.51962 2.9
1.51962 2.9 2.03923 3.2
1.51962 6.5 1.0 6.2
1.0 6.2 1.0 3.2
1.0 6.2 1.51962 5.9
1.51962 5.9 2.03923 6.2
2.03923 6.2 1.51962 6.5
1.51962 6.5 1.0 6.2
1.51962 5.9 1.51962 3.5
1.51962 3.5 1.51962 2.9
1.51962 2.9 2.03923 3.2
2.03923 3.2 2.03923 3.8
2.03923 3.8 2.03923 3.8
2.03923 3.8 2.03923 3.8
2.03923 3.8 2.03923 3.8
2.03923 3.8 2.03923 6.2
2.03923 6.2 1.51962 5.9
1.51962 6.5 2.03923 6.2
2.03923 6.2 2.03923 3.8
2.03923 3.8 2.03923 6.2
2.03923 6.2 2.03923 3.8
2.03923 3.8 2.03923 3.8
2.03923 3.8 2.03923 3.2
2.03923 3.2 2.03923 3.2
4.11769 1.4 4.63731 1.1
4.63731 1.1 4.63731 1.7
4.63731 1.7 4.63731 1.1
4.63731 1.1 4.63731 2.3
4.63731 2.3 4.63731 1.7
4.63731 1.7 4.63731 2.3
4.63731 2.3 4.63731 2.3
4.63731 2.3 4.63731 1.7
4.63731 1.7 4.63731 2.6
4.63731 2.6 4.63731 1.7
4.63731 1.7 4.63731 2.6
4.63731 2.6 4.63731 2.6
4.63731 2.6 4.63731 2.3
4.63731 2.3 4.63731 1.7
4.63731 1.7 4.63731 2.6
4.63731 2.6 4.63731 3.2
4.63731 3.2 4.63731 3.2
4.63731 3.5 4.63731 4.1
4.63731 4.1 4.63731 3.5
4.63731 3.5 4.63731 4.1
4.63731 4.1 4.63731 4.1
4.63731 4.1 4.11769 4.4
4.11769 4.4 4.11769 4.4
4.11769 4.4 4.11769 4.4
4.11769 4.4 4.11769 4.4
4.11769 4.4 4.11769 3.8
4.11769 3.8 4.11769 4.4
4.11769 4.4 4.11769 3.8
4.11769 3.8 4.11769 4.4
4.11769 4.4 4.11769 2.6
4.11769 2.6 4.11769 3.5
4.11769 3.5 4.11769 2.0
4.11769 2.0 4.11769 2.9
4.11769 2.9 4.11769 3.5
4.11769 3.5 4.11769 2.6
4.11769 2.6 4.11769 2.0
4.11769 2.0 4.11769 2.9
4.11769 2.9 4.11769 1.4
4.11769 1.4 4.63731 1.1
4.63731 1.1 5.15692 1.4
4.63731 4.7 4.63731 4.7
4.63731 4.7 4.63731 4.7
4.63731 4.7 4.63731 4.7
4.63731 4.7 4.11769 4.4
4.11769 4.4 4.3775 4.55
4.3775 4.55 4.63731 4.7
4.63731 4.7 4.11769 4.4
4.11769 4.4 4.11769 4.4
4.11769 4.4 4.11769 4.4
4.11769 4.4 4.11769 4.4
4.11769 4.4 4.11769 3.8
4.11769 3.8 4.11769 4.4
4.11769 4.4 4.11769 3.8
4.11769 3.8 4.11769 4.4
4.11769 4.4 4.11769 2.6
4.11769 2.6 4.11769 3.5
4.11769 3.5 4.11769 2.0
4.11769 2.0 4.11769 2.9
4.11769 2.9 4.11769 3.5
4.11769 3.5 4.11769 2.6
4.11769 2.6 4.11769 2.0
4.11769 2.0 4.11769 2.9
4.11769 2.9 4.11769 1.4
4.11769 4.4 4.11769 4.4
4.11769 4.4 4.63731 4.1
4.63731 4.1 4.11769 4.4
4.11769 4.4 4.63731 4.1
4.63731 4.1 5.15692 4.4
5.15692 4.4 4.63731 4.1
4.63731 4.1 5.15692 4.4
5.15692 4.4 5.15692 4.4
5.15692 4.4 5.15692 4.4
5.15692 4.4 4.89711 4.55
4.89711 4.55 4.63731 4.7
4.63731 4.7 4.89711 4.55
4.89711 4.55 4.63731 4.7
4.63731 4.7 4.63731 4.7
4.63731 4.7 4.63731 4.7
4.63731 4.7 4.11769 4.4
4.11769 4.4 4.3775 4.55
4.3775 4.55 4.63731 4.7
4.63731 4.7 4.11769 4.4
4.11769 4.4 4.3775 4.55
4.3775 4.55 4.11769 4.4
4.11769 4.4 4.11769 4.4
4.63731 4.1 4.63731 3.5
4.63731 3.5 4.63731 4.1
4.63731 4.1 4.63731 3.5
4.63731 3.5 4.63731 3.5
4.63731 3.5 4.63731 4.1
4.63731 4.1 4.63731 3.5
4.63731 3.5 4.63731 4.1
4.63731 4.1 4.63731 2.6
4.63731 2.6 4.63731 3.2
4.63731 3.2 4.63731 2.6
4.63731 2.6 4.63731 2.6
4.63731 2.6 4.63731 3.2
4.63731 3.2 4.63731 3.2
4.63731 3.2 4.63731 2.6
4.63731 2.6 4.63731 3.2
4.63731 3.2 4.63731 4.1
4.63731 4.1 4.63731 2.3
4.63731 2.3 4.63731 4.1
4.63731 4.1 4.63731 2.3
4.63731 2.3 4.63731 1.7
4.63731 1.7 4.63731 1.1
4.63731 1.1 4.63731 1.1
4.63731 1.1 5.15692 1.4
5.15692 1.4 5.15692 2.6
5.15692 2.6 5.15692 2.0
5.15692 2.0 5.15692 3.5
5.15692 3.5 5.15692 2.9
5.15692 2.9 5.15692 3.8
5.15692 3.8 5.15692 3.5
5.15692 3.5 5.15692 2.9
5.15692 2.9 5.15692 4.4
5.15692 4.4 5.15692 4.4
5.15692 4.4 5.15692 4.4
5.15692 4.4 5.15692 4.4
5.15692 4.4 5.15692 4.4
5.15692 4.4 4.63731 4.1
4.63731 4.1 4.66787 4.11765
4.66787 4.11765 5.15692 4.4
5.15692 4.4 4.63731 4.1
4.63731 4.7 4.63731 4.7
4.63731 4.7 4.63731 4.7
4.63731 4.7 4.63731 4.7
4.63731 4.7 4.63731 4.7
4.63731 4.7 4.63731 4.7
4.63731 4.7 4.63731 4.7
4.63731 4.7 4.63731 4.7
4.63731 4.7 5.15692 4.4
5.15692 4.4 4.89711 4.55
5.15692 4.4 5.15692 4.4
5.15692 4.4 5.15692 3.8
5.15692 3.8 5.15692 4.4
5.15692 4.4 5.15692 3.8
5.15692 3.8 5.15692 4.4
5.15692 4.4 5.15692 2.9
5.15692 2.9 5.15692 3.5
5.15692 3.5 5.15692 2.9
5.15692 2.9 5.15692 3.5
5.15692 3.5 5.15692 4.4
5.15692 4.4 5.15692 4.4
5.15692 4.4 5.15692 2.6
5.15692 2.6 5.15692 4.4
5.15692 4.4 5.15692 4.4
5.15692 4.4 5.15692 2.6
5.15692 2.6 5.15692 2.0
5.15692 2.0 5.15692 1.4
5.15692 1.4 5.15692 1.4
