1.0 1 1.0 10
2.5 10.0 6 10.0
7.5 1 7.5 10
2.5 1.0 6 1.0
1.25 1 1.25 10
2.5 9.75 6 9.75
7.25 1 7.25 10
2.5 1.25 6 1.25
1.5 1 1.5 10
2.5 9.5 6 9.5
7.0 1 7.0 10
2.5 1.5 6 1.5
1.75 1 1.75 10
2.5 9.25 6 9.25
6.75 1 6.75 10
2.5 1.75 6 1.75
2.0 1 2.0 10
2.5 9.0 6 9.0
6.5 1 6.5 10
2.5 2.0 6 2.0
4.25 5.5 4.283333333333333 5.5
4.283333333333333 5.5 4.303172261921682 5.540213865849686
4.303172261921682 5.540213865849686 4.2772280247040575 5.596221799352929
4.2772280247040575 5.596221799352929 4.201566502603603 5.624225497011406
4.201566502603603 5.624225497011406 4.108045510976159 5.5873309843283465
4.108045510976159 5.5873309843283465 4.050920760326564 5.4808308494959554
4.050920760326564 5.4808308494959554 4.078244013005396 5.342062273740712
4.078244013005396 5.342062273740712 4.202319409302307 5.2376306565510555
4.202319409302307 5.2376306565510555 4.385263262206829 5.232224254464362
4.385263262206829 5.232224254464362 4.549342525253539 5.353353610048028
4.549342525253539 5.353353610048028 4.609929967264144 5.569963298304733
4.609929967264144 5.569963298304733 4.5171330221884185 5.797724618492461
4.5171330221884185 5.797724618492461 4.286260398777337 5.931813572341452
4.286260398777337 5.931813572341452 4.000635570284747 5.894455522170199
4.000635570284747 5.894455522170199 3.7819702321305133 5.675920824202351
3.7819702321305133 5.675920824202351 3.7386294747369635 5.348525149491241
3.7386294747369635 5.348525149491241 3.913729297591236 5.043893514831649
3.913729297591236 5.043893514831649 4.257330200501149 4.900044778203728
4.257330200501149 4.900044778203728 4.6381744673135525 4.999568492162063
4.6381744673135525 4.999568492162063 4.89364842058615 5.326330327571568
4.89364842058615 5.326330327571568 4.8990286981967515 5.762224615391139
4.8990286981967515 5.762224615391139 4.6265969181759905 6.129247597530673
4.6265969181759905 6.129247597530673 4.167200493958716 6.2621824057121085
4.167200493958716 6.2621824057121085 3.701345317658099 6.082218206125768
3.701345317658099 6.082218206125768 3.428336635774579 5.638973955596751
3.428336635774579 5.638973955596751 3.4812572779122077 5.099817868529637
3.4812572779122077 5.099817868529637 3.863958379937169 4.68699823642303
3.863958379937169 4.68699823642303 4.439268142332746 4.586058710086352
4.439268142332746 4.586058710086352 4.9773344119325325 4.863266855218607
4.9773344119325325 4.863266855218607 5.247440782930944 5.428502555667316
5.247440782930944 5.428502555667316 5.116626253543606 6.062793669515527
5.116626253543606 6.062793669515527 4.61307152022725 6.502974002144448
4.61307152022725 6.502974002144448 3.9247211449515484 6.550806198334578
3.9247211449515484 6.550806198334578 3.3296386695226188 6.1613467062036
3.3296386695226188 6.1613467062036 3.0836815952552863 5.4714957921552365
3.0836815952552863 5.4714957921552365 3.310870211777102 4.752982436034858
3.310870211777102 4.752982436034858 3.9432824724966817 4.305414101274687
3.9432824724966817 4.305414101274687 4.738814320277469 4.331451753355421
4.738814320277469 4.331451753355421 5.373557242539816 4.846074069380694
5.373557242539816 4.846074069380694 5.573676455905927 5.66018245177953
5.573676455905927 5.66018245177953 5.233097727129489 6.449366439627298
5.233097727129489 6.449366439627298 4.466594540819253 6.8831438120771455
4.466594540819253 6.8831438120771455 3.57267723702102 6.763201614626487
3.57267723702102 6.763201614626487 2.9175213396274753 6.11287170824158
2.9175213396274753 6.11287170824158 2.784991582498748 5.177897009249405
2.784991582498748 5.177897009249405 3.2541796592270518 4.334044186079952
3.2541796592270518 4.334044186079952 4.1570866813976615 3.9360909362527674
4.1570866813976615 3.9360909362527674 5.1377510839168 4.1688734045912295
5.1377510839168 4.1688734045912295 5.7924814047212205 4.962851143660317
5.7924814047212205 4.962851143660317 5.835990673132396 6.012261029666349
5.835990673132396 6.012261029666349 5.225079941796779 6.892558475291286
5.225079941796779 6.892558475291286 4.186484238241969 7.232169215883005
4.186484238241969 7.232169215883005 3.1334148986254293 6.869068596710717
3.1334148986254293 6.869068596710717 2.5012115840042366 5.926308662918112
2.5012115840042366 5.926308662918112 2.567449852912702 4.771895533836233
2.567449852912702 4.771895533836233 3.3308093544735318 3.8753360342455183
3.3308093544735318 3.8753360342455183 4.5012871414885245 3.6166904735220697
4.5012871414885245 3.6166904735220697 5.609896425433646 4.1257876838455525
5.609896425433646 4.1257876838455525 6.19655992078532 5.219496430379168
6.19655992078532 5.219496430379168 6.000929054000031 6.466564766510013
